30325
14981
31720
19341
9443
20645
5233
14816
24278
21286
410
13817
10823
18725
9005
190
17943
20408
31938
24198
30000
23390
23254
17391
13055
9122
14608
31234
23718
15785
22535
3417
10209
29924
17139
10684
5929
18410
10352
31742
2757
20638
1820
28025
20592
13013
27150
32385
28448
29037
28030
5909
8717
9107
24365
20232
26648
15014
6692
1592
30050
11418
3827
17328
6993
5645
24318
7896
14993
17726
14516
25483
23486
13473
545
28335
18770
31952
28315
17925
4009
25501
31736
10099
16114
13232
7863
13664
25012
18797
15135
7405
21721
16500
12692
5485
29362
14294
8384
27466
32392
16616
25407
26764
30642
32484
278
9143
26350
23430
23732
21157
8160
24498
24739
8664
7301
4357
15304
32741
24243
26668
18805
29492
564
18054
17272
12074
14679
23652
21153
8690
26613
14061
17900
14713
26095
22669
23871
1490
23854
7677
9072
19110
9225
5858
749
27669
13138
6987
7488
9907
21480
30303
8755
3450
27496
21361
31940
1408
27682
31896
4866
7261
31744
15038
22585
14485
26086
1773
32334
24015
1420
24711
31947
7007
12441
15390
8174
28437
9277
19175
23897
12480
20410
30173
17363
11235
30602
24103
271
12674
9824
10505
12516
10171
8111
15468
2461
29378
26775
16263
26131
15804
9937
7210
17827
7116
17942
29364
15686
27072
31323
8808
1231
22972
2148
11720
29950
7630
32399
854
20879
21634
20596
8368
16492
4521
15147
15570
14084
7169
16714
657
18065
14195
14403
23434
27305
23327
9255
23019
30659
26996
29493
31281
20351
29824
21190
5787
25470
15123
31639
7159
6731
29199
2110
16438
19691
4892
13626
10374
9576
8842
22251
2674
2201
9478
26411
29046
20791
13608
3275
12927
23902
28016
4511
13399
24953
30099
20501
24966
26075
21050
859
9775
13173
2012
12797
2781
2570
21848
13563
4991
12014
21412
450
1646
23310
18730
14230
12752
8669
1273
17490
11523
21465
30020
27277
32097
9404
24011
328
23285
22604
2456
10496
32677
28507
3242
11786
20711
11650
30465
16452
31071
32219
3730
20950
23461
2901
16584
25353
748
29303
6138
23091
8779
7492
4406
17046
12291
26359
12543
31644
24560
17239
21374
16942
13966
58
12392
8692
25370
31942
27581
30598
8996
22535
25625
27804
19570
7468
1204
28822
11752
806
29533
9833
25601
17307
11935
592
31258
27328
13073
28582
19545
13951
30896
11117
13033
7523
5152
30803
17299
4234
887
9527
5155
10680
7846
23582
25966
23369
14746
32328
19776
17275
6896
8554
22976
10815
20737
16828
17061
12910
29360
18792
1843
30471
7621
12383
19349
26426
19798
2384
6633
17826
13794
13734
20744
8155
7160
30282
4513
1859
26277
4886
12790
18677
4666
24920
1742
1911
19873
14610
2645
7910
25719
31247
11384
17779
19137
28965
28834
14803
10572
3710
10326
27969
26022
14178
22147
22886
23151
23687
25400
17238
5312
29844
19598
12061
18605
6375
7497
21004
15398
10276
12744
2689
30458
16172
4412
16899
30715
23562
29038
16212
16457
21783
13344
16357
12890
29096
30045
30396
3645
6611
15463
22149
23741
16200
12487
30648
3467
22350
28945
28582
7882
7166
25180
12777
22169
6054
20156
27904
26433
7569
24120
24693
22424
685
28106
15878
19319
19901
2937
2243
24867
25920
4643
30792
28743
4462
5294
30574
9369
31029
13597
18640
31344
9545
31606
20104
26904
458
7043
27373
3963
4572
17976
17993
7202
18599
3380
10768
18387
16463
12645
12654
21196
2680
4273
5883
23891
17959
23961
1337
11886
1464
11228
21445
27879
32012
19594
14504
16699
13683
21780
23346
29882
11472
13514
29524
27805
30439
26194
19343
15472
1119
16873
21369
19227
11894
26644
5973
28964
8693
1
3377
18562
29733
22114
3216
3712
14855
21533
32353
27482
2645
12150
16356
12333
6883
25668
20848
22039
18032
8495
19670
18123
27067
6672
12283
10286
6854
26581
32133
24046
28766
26925
18853
15126
16536
1483
9216
21302
15433
11742
8323
21231
26513
7124
21637
4434
27234
30446
22018
17700
997
25842
201
13408
20946
1828
3574
23092
25555
21021
9864
21624
26580
26235
24881
7283
8015
17275
1874
20303
6336
16444
16959
2415
11142
17824
19434
11531
23006
7796
3281
13808
24845
24477
27135
10963
17713
23139
20581
23679
28882
12185
13914
4316
12229
21939
3883
4459
13046
31790
1649
11726
27321
29620
29841
5641
18929
17855
16923
20854
30609
2686
6514
20371
27542
49
12740
24297
19034
12709
30571
15789
29763
10516
6869
23433
18721
20184
4912
27786
2790
12584
4214
20876
27957
5
9769
7634
1419
6379
12805
1120
4946
6619
19952
806
22132
3916
383
29011
22995
28047
8070
26158
29645
20817
23807
2269
9273
19272
16218
2687
25756
25244
4988
2039
12512
992
9548
30431
28278
18191
22468
20051
23219
20513
24390
16115
26773
14260
12386
16066
22406
16611
5955
23591
11592
5643
2526
2638
13320
21735
20071
5201
6375
7851
5345
6726
8218
19913
8053
27888
10710
18471
12842
5578
16832
20262
6693
9152
21333
19443
4020
16612
4267
1558
22085
29459
6689
5971
27448
20843
29574
15079
18950
11421
16887
2244
12231
1099
5961
26531
7746
10097
11538
17327
25263
2557
28247
27254
1969
11149
30040
6471
23996
11547
28743
7155
14414
17843
18709
17553
23113
19148
23427
19098
5723
25193
6959
32148
8410
7732
16472
28810
12689
26111
4264
19262
29603
5647
2450
3307
21791
3587
14741
16090
10906
15026
18701
18578
5114
20863
4927
12526
13408
17630
8919
4334
11748
3260
16359
463
30774
16667
7258
2538
5524
28268
16705
26157
19533
7597
31597
31234
26332
8074
18769
4099
26477
25041
1600
32575
8166
29050
11554
12444
3733
765
32440
2927
21433
28335
32253
10198
9919
5256
9644
3916
8032
8617
4643
440
3102
22738
3423
4365
3290
5055
32750
7218
22883
8662
12655
4523
17200
22152
17054
24042
21153
9777
8825
22429
10011
10373
24425
2192
24810
29610
31341
16912
18463
7023
26153
24549
29239
5751
847
4219
16578
19919
6497
255
14977
5261
31565
13078
9283
1581
16074
29919
11265
16298
4043
31915
24441
18491
15195
2312
9569
22403
2996
12743
22838
11454
13842
11063
20914
20076
26039
32442
11682
2258
22218
15918
6141
6669
6595
31441
22278
10047
15330
11990
14535
22927
23616
12860
19698
17087
11983
16154
25949
24738
2018
9486
28359
2956
26328
6342
19843
3798
8335
16912
23302
10892
2312
15636
6883
30649
24831
10026
27168
8612
28917
12935
25334
17573
25701
27583
28580
10257
17821
7408
9966
29441
3690
10178
29986
23276
27564
17084
6550
4922
27706
2160
6061
161
9424
3849
17302
2574
21958
30500
32121
25979
9169
10171
11237
25760
4862
12550
23493
12774
7350
5385
8098
6283
1667
12561
6034
9685
4016
11201
19521
3342
16087
14453
26283
14099
31140
10593
30047
24934
19570
9124
8018
2213
13234
18674
16443
659
17429
2155
24299
29736
10027
17900
19546
674
11171
11999
21049
21977
30514
17008
31518
12230
13957
32199
28811
527
28119
582
4126
24607
17792
3594
28866
4299
22402
27584
19547
13055
10736
6983
32030
298
6093
19592
5114
13344
23772
17873
23089
28448
27091
28777
13197
15973
5666
16391
22608
8737
20852
22585
13707
3442
26686
26811
29995
12388
5305
11009
8730
10666
2453
29439
6943
16221
17792
6815
4164
9492
25820
30509
30896
10676
17936
28025
21461
5855
18841
11587
13643
30763
9490
27946
13157
31200
14159
30131
31287
20417
12639
6637
14494
14340
16792
1873
2404
21135
25689
16065
3839
9915
3670
29787
17647
24448
3077
31256
853
27274
14602
30566
4406
8302
19471
14449
23152
8740
11012
17692
24896
29691
2357
16333
28736
16443
1249
6565
23384
3130
26374
4296
26081
21765
2674
2270
26360
26851
23657
15783
17507
26280
22543
4570
7277
22388
21342
4002
8291
1976
25590
199
23622
17972
11329
4038
16057
13573
9920
17809
30720
8010
23279
22494
31946
26226
27646
18798
12682
5780
407
2522
8837
3731
32542
11651
6708
31153
12635
6455
11729
18068
19056
10535
29689
8975
32270
2263
10610
11837
19300
23437
9730
32384
9849
7851
10978
1250
28013
15791
28830
20733
17062
25906
3263
29347
32319
1334
28350
18088
25411
28476
29670
18826
23093
1205
16415
26258
10130
14041
11629
1503
20823
27146
24779
29373
32160
15133
11990
14719
402
16047
8015
19505
16881
3168
7831
27768
30467
1067
23299
21876
28784
4438
32394
26859
20824
5354
14483
1591
24525
12020
19665
29875
24356
22826
5435
3298
540
19088
29187
31193
18623
18188
6085
15533
21605
3856
5699
14123
12682
8524
15294
1767
27070
23701
28062
24017
1874
13837
19647
21929
3707
28855
16486
11829
22876
18754
11646
20203
17555
15111
1868
25078
31701
31916
14369
8648
8779
7579
19472
29976
13069
28828
12812
28402
6743
4204
18956
4612
32406
28445
2082
10987
26637
26977
14539
17310
28417
26148
29858
30233
2778
7613
4544
31579
12558
20722
29612
32392
13246
7775
13344
26664
29395
21818
2153
27620
2652
30307
1470
19611
1049
14512
23759
14174
18315
10000
17502
11993
20665
22730
5176
4955
2355
5113
28110
9794
2433
9829
24221
25157
17509
26709
19561
15413
6173
24192
26974
26623
29370
19122
3371
14172
18782
28104
17451
15223
17418
11346
26032
25638
10844
23475
137
25166
10714
28622
4565
31751
30379
6984
20608
18248
32602
11194
1215
15568
15863
27858
30833
1028
20388
16382
26324
3181
1707
3140
26507
824
7800
9925
28292
20701
9347
22932
20202
9661
28166
9201
31880
30298
20618
14819
15952
6679
10441
25684
26158
3816
25715
29338
7357
29455
6089
14030
26330
6165
22635
31177
14104
21043
15809
28060
18236
26968
27940
4796
7509
1444
10553
8989
7945
13132
2426
25035
7522
26030
10552
21062
8994
26439
15304
32136
14490
11170
20258
3346
16138
18767
2793
29762
16628
1324
11217
588
8407
10260
32227
6803
20851
7022
1561
6424
20681
27473
12359
15581
8406
7654
14026
16447
9579
25113
6663
5758
22503
16634
31544
23295
15296
26041
4614
9118
284
7127
32181
9479
16475
14176
21795
3907
9882
29260
574
26968
17632
8128
6044
17017
26492
21226
12393
25926
3722
21379
4278
29233
10874
2815
16089
18579
31452
18597
26769
24603
19807
21184
24716
17652
3257
1963
5328
2475
2627
2110
23967
9414
6892
15283
9737
16254
13293
25867
28360
25598
4694
27258
12028
19743
30866
1253
32706
24011
5625
16125
31527
1140
3108
12460
17350
12150
17945
25530
6797
31309
8531
19
5894
17748
18308
23407
5092
2153
17335
20526
20245
13850
14275
14906
22003
5791
18708
25088
18706
26906
21949
2673
18394
65
1115
10761
29096
2722
19871
12053
26303
21401
13055
17327
15439
17139
13113
7812
13470
3559
28597
9323
9289
30835
27201
31923
10233
8515
23692
12117
10755
23112
32062
6256
12268
30805
15141
20026
27326
7509
25806
16822
17428
22647
9526
19396
21020
1447
15014
2913
14570
26405
24996
6333
16657
28503
2099
8903
24152
13236
12533
22142
8320
26186
22601
20218
13397
25984
27990
31320
29189
25709
169
5272
14152
3709
31003
7911
8848
14907
9795
14079
22740
9439
32359
18354
6215
32344
2454
13001
396
13747
17982
22761
18751
29578
5822
26510
14671
6688
29631
13259
2250
13165
25051
15132
19859
10283
17561
22602
11166
20607
29699
14498
22008
18987
10799
12373
14896
879
7694
458
13885
12946
13977
12573
10199
19633
13671
11702
13453
28501
25561
1659
12200
26366
1859
414
2199
18836
21040
31647
22102
26986
27805
681
30195
21010
18549
6185
28731
29782
25549
20430
5669
3708
10246
31702
27592
22583
23496
17367
1438
474
25373
10525
22348
32249
7625
7663
32366
2457
23956
20529
1956
29244
3780
15925
14587
15255
22762
12129
23144
5331
805
6509
31752
9538
12385
1783
2663
10987
1264
27753
2581
5356
24356
23104
16048
21810
9042
1202
26364
27991
3276
18146
17151
13870
21884
7280
19036
9060
17126
14541
26089
29808
4896
14520
30948
186
25869
31944
24134
5742
21412
32502
6270
10752
12989
17906
23331
1872
22451
31984
16160
2220
8646
8850
18281
5979
13072
5714
7876
11258
21363
31193
19272
7016
3655
13115
907
28359
4907
9171
10736
3226
11256
21559
11058
5117
1994
11296
12910
29196
8446
23372
30643
23881
821
14250
21436
5741
30625
12373
19599
25302
8467
11932
23300
385
32427
12068
6909
6337
30402
28059
5249
24557
32740
3397
29369
31159
32201
18516
22035
18105
17329
17004
4733
2054
813
20479
